iso_code,country,year,coal_prod_change_pct,coal_prod_change_twh,gas_prod_change_pct,gas_prod_change_twh,oil_prod_change_pct,oil_prod_change_twh,energy_cons_change_pct,energy_cons_change_twh,biofuel_share_elec,biofuel_elec_per_capita,biofuel_cons_change_pct,biofuel_share_energy,biofuel_cons_change_twh,biofuel_consumption,biofuel_cons_per_capita,carbon_intensity_elec,coal_share_elec,coal_cons_change_pct,coal_share_energy,coal_cons_change_twh,coal_consumption,coal_elec_per_capita,coal_cons_per_capita,coal_production,coal_prod_per_capita,electricity_demand,biofuel_electricity,coal_electricity,fossil_electricity,gas_electricity,hydro_electricity,nuclear_electricity,oil_electricity,other_renewable_exc_biofuel_electricity,other_renewable_electricity,renewables_electricity,solar_electricity,wind_electricity,electricity_generation,greenhouse_gas_emissions,energy_per_gdp,energy_per_capita,fossil_cons_change_pct,fossil_share_energy,fossil_cons_change_twh,fossil_fuel_consumption,fossil_energy_per_capita,fossil_cons_per_capita,fossil_share_elec,gdp,gas_share_elec,gas_cons_change_pct,gas_share_energy,gas_cons_change_twh,gas_consumption,gas_elec_per_capita,gas_energy_per_capita,gas_production,gas_prod_per_capita,hydro_share_elec,hydro_cons_change_pct,hydro_share_energy,hydro_cons_change_twh,hydro_consumption,hydro_elec_per_capita,hydro_energy_per_capita,low_carbon_share_elec,low_carbon_electricity,low_carbon_elec_per_capita,low_carbon_cons_change_pct,low_carbon_share_energy,low_carbon_cons_change_twh,low_carbon_consumption,low_carbon_energy_per_capita,net_elec_imports_share_demand,net_elec_imports,nuclear_share_elec,nuclear_cons_change_pct,nuclear_share_energy,nuclear_cons_change_twh,nuclear_consumption,nuclear_elec_per_capita,nuclear_energy_per_capita,oil_share_elec,oil_cons_change_pct,oil_share_energy,oil_cons_change_twh,oil_consumption,oil_elec_per_capita,oil_energy_per_capita,oil_production,oil_prod_per_capita,other_renewables_elec_per_capita_exc_biofuel,other_renewables_elec_per_capita,other_renewables_cons_change_pct,other_renewables_share_energy,other_renewables_cons_change_twh,other_renewable_consumption,other_renewables_share_elec_exc_biofuel,other_renewables_share_elec,other_renewables_energy_per_capita,per_capita_electricity,population,primary_energy_consumption,renewables_elec_per_capita,renewables_share_elec,renewables_cons_change_pct,renewables_share_energy,renewables_cons_change_twh,renewables_consumption,renewables_energy_per_capita,solar_share_elec,solar_cons_change_pct,solar_share_energy,solar_cons_change_twh,solar_consumption,solar_elec_per_capita,solar_energy_per_capita,wind_share_elec,wind_cons_change_pct,wind_share_energy,wind_cons_change_twh,wind_consumption,wind_elec_per_capita,wind_energy_per_capita
BTN,Bhutan,1980,,,,,,,,,,,,,,,,,,,,,,,,0.0,0.597,,,,,,,,,,,,,,,,,97.255,,,,,,,,,,,,,,,,,,,,,,,,,,,,,,,,,,,,,,,,,,,,,,,,,,,,,,,,,,,,,406883.0,0.04,,,,,,,,,,,,,,,,,,,,,
BTN,Bhutan,1981,79.821,0.0,,,,,266.476,0.105,,,,,,,,,,,,,,,,0.0,1.045,,,,,,,,,,,,,,,,,346.848,,,,,,,,,,,,,,,,,,,,,,,,,,,,,,,,,,,,,,,,,,,,,,,,,,,,,,,,,,,,,418107.0,0.145,,,,,,,,,,,,,,,,,,,,,
BTN,Bhutan,1982,11.409,0.0,,,,,3.008,0.004,,,,,,,,,,,,,,,,0.0,1.135,,,,,,,,,,,,,,,,,348.26,,,,,,,,,,,,,,,,,,,,,,,,,,,,,,,,,,,,,,,,,,,,,,,,,,,,,,,,,,,,,428938.0,0.149,,,,,,,,,,,,,,,,,,,,,
BTN,Bhutan,1983,99.999,0.0,,,,,-1.728,-0.003,,,,,,,,,,,,,,,,0.001,2.214,,,,,,,,,,,,,,,,,333.771,,,,,,,,,,,,,,,,,,,,,,,,,,,,,,,,,,,,,,,,,,,,,,,,,,,,,,,,,,,,,439823.0,0.147,,,,,,,,,,,,,,,,,,,,,
BTN,Bhutan,1984,100.0,0.001,,,,,3.381,0.005,,,,,,,,,,,,,,,,0.002,4.314,,,,,,,,,,,,,,,,,336.153,,,,,,,,,,,,,,,,,,,,,,,,,,,,,,,,,,,,,,,,,,,,,,,,,,,,,,,,,,,,,451471.0,0.152,,,,,,,,,,,,,,,,,,,,,
BTN,Bhutan,1985,24.849,0.0,,,,,7.95,0.012,,,,,,,,,,,,,,,,0.002,5.238,,,,,,,,,,,,,,,,,352.879,,,,,,,,,,,,,,,,,,,,,,,,,,,,,,,,,,,,,,,,,,,,,,,,,,,,,,,,,,,,,464264.0,0.164,,,,,,,,,,,,,,,,,,,,,
BTN,Bhutan,1986,60.434,0.001,,,,,387.646,0.635,,,,,,,,,,,,,,,,0.004,8.15,,,,,,,,,,,,,,,,,1668.965,,,,,,,,,,,,,,,,,,,,,,,,,,,,,,,,,,,,,,,,,,,,,,,,,,,,,,,,,,,,,478683.0,0.799,,,,,,,,,,,,,,,,,,,,,
BTN,Bhutan,1987,128.571,0.005,,,,,244.684,1.955,,,,,,,,,,,,,,,,0.009,18.04,,,,,,,,,,,,,,,,,5570.757,,,,,,,,,,,,,,,,,,,,,,,,,,,,,,,,,,,,,,,,,,,,,,,,,,,,,,,,,,,,,494313.0,2.754,,,,,,,,,,,,,,,,,,,,,
BTN,Bhutan,1988,9.211,0.001,,,,,26.281,0.724,,,,,,,,,,,,,,,,0.01,19.113,,,,,,,,,,,,,,,,,6824.666,,,,,,,,,,,,,,,,,,,,,,,,,,,,,,,,,,,,,,,,,,,,,,,,,,,,,,,,,,,,,509532.0,3.477,,,,,,,,,,,,,,,,,,,,,
BTN,Bhutan,1989,0.0,0.0,,,,,1.729,0.06,,,,,,,,,,,,,,,,0.01,18.65,,,,,,,,,,,,,,,,,6774.608,,,,,,,,,,,,,,,,,,,,,,,,,,,,,,,,,,,,,,,,,,,,,,,,,,,,,,,,,,,,,522172.0,3.538,,,,,,,,,,,,,,,,,,,,,
BTN,Bhutan,1990,0.0,0.0,,,,,5.455,0.193,,,,,,,,,,,,,,,,0.01,18.347,,,,,,,,,,,,,,,,,7028.014,,,,,,,,,,,,,,,,,,,,,,,,,,,,,,,,,,,,,,,,,,,,,,,,,,,,,,,,,,,,,530801.0,3.73,,,,,,,,,,,,,,,,,,,,,
BTN,Bhutan,1991,0.0,0.0,,,,,1.823,0.068,,,,,,,,,,,,,,,,0.01,18.215,,,,,,,,,,,,,,,,,7104.808,,,,,,,,,,,,,,,,,,,,,,,,,,,,,,,,,,,,,,,,,,,,,,,,,,,,,,,,,,,,,534637.0,3.798,,,,,,,,,,,,,,,,,,,,,
BTN,Bhutan,1992,2697.943,0.263,,,,,1.563,0.059,,,,,,,,,,,,,,,,0.272,509.761,,,,,,,,,,,,,,,,,7217.365,,,,,,,,,,,,,,,,,,,,,,,,,,,,,,,,,,,,,,,,,,,,,,,,,,,,,,,,,,,,,534525.0,3.858,,,,,,,,,,,,,,,,,,,,,
BTN,Bhutan,1993,-17.857,-0.049,,,,,0.39,0.015,,,,,,,,,,,,,,,,0.224,420.254,,,,,,,,,,,,,,,,,7271.854,,,,,,,,,,,,,,,,,,,,,,,,,,,,,,,,,,,,,,,,,,,,,,,,,,,,,,,,,,,,,532590.0,3.873,,,,,,,,,,,,,,,,,,,,,
BTN,Bhutan,1994,39.13,0.088,,,,,6.886,0.267,,,,,,,,,,,,,,,,0.311,585.454,,,,,,,,,,,,,,,,,7782.631,,,,,,,,,,,,,,,,,,,,,,,,,,,,,,,,,,,,,,,,,,,,,,,,,,,,,,,,,,,,,531905.0,4.14,,,,,,,,,,,,,,,,,,,,,
BTN,Bhutan,1995,6.25,0.019,,,,,6.79,0.281,,,,,,,,,,,,,,,,0.331,618.876,,,,,,,,,,,,,,,,,8268.72,,,,,,,,,,,,,,,,,,,,,,,,,,,,,,,,,,,,,,,,,,,,,,,,,,,,,,,,,,,,,534629.0,4.421,,,,,,,,,,,,,,,,,,,,,
BTN,Bhutan,1996,-5.882,-0.019,,,,,9.633,0.426,,,,,,,,,,,,,,,,0.311,575.111,,,,,,,,,,,,,,,,,8950.697,,,,,,,,,,,,,,,,,,,,,,,,,,,,,,,,,,,,,,,,,,,,,,,,,,,,,,,,,,,,,541471.0,4.847,,,,,,,,,,,,,,,,,,,,,
BTN,Bhutan,1997,-15.625,-0.049,,,,,0.763,0.037,,,,,,,,,,,,,,,,0.263,476.242,,,,,,,,,,,,,,,,,8851.591,,,,,,,,,,,,,,,,,,,,,,,,,,,,,,,,,,,,,,,,,,,,,,,,,,,,,,,,,,,,,551713.0,4.884,,,,,,,,,,,,,,,,,,,,,
BTN,Bhutan,1998,-7.407,-0.019,,,,,-2.212,-0.108,,,,,,,,,,,,,,,,0.243,431.069,,,,,,,,,,,,,,,,,8461.548,,,,,,,,,,,,,,,,,,,,,,,,,,,,,,,,,,,,,,,,,,,,,,,,,,,,,,,,,,,,,564378.0,4.776,,,,,,,,,,,,,,,,,,,,,
BTN,Bhutan,1999,0.0,0.0,,,,,1.026,0.049,,,,,,,,,,,,,,,,0.243,420.993,,,,,,,,,,,,,,,,,8348.578,,,,,,,,,,,,,,,,,,,,,,,,,,,,,,,,,,,,,,,,,,,,,,,,,,,,,,,,,,,,,577886.0,4.825,,,,,,,,,,,,,,,,,,,,,
BTN,Bhutan,2000,0.0,0.0,,,,,3.08,0.149,0.0,0.0,,,,,,22.346,0.0,,,,,0.0,,0.243,411.642,0.41,0.0,0.0,0.0,0.0,1.79,0.0,0.0,0.0,0.0,1.79,0.0,0.0,1.79,0.04,,8414.54,,,,,,0.0,0.0,,0.0,,,,,0.0,,,,100.0,,,,,3028.693,,100.0,1.79,3028.693,,,,,,-336.585,-1.38,0.0,,,,,0.0,,0.0,,,,,0.0,,,,0.0,0.0,,,,,0.0,0.0,,3028.693,591014.0,4.973,3028.693,100.0,,,,,,0.0,,,,,0.0,,0.0,,,,,0.0,
BTN,Bhutan,2001,69.192,0.168,,,,,10.393,0.517,0.0,0.0,,,,,,26.042,0.0,,,,,0.0,,0.412,681.894,0.54,0.0,0.0,0.0,0.0,1.92,0.0,0.0,0.0,0.0,1.92,0.0,0.0,1.92,0.05,,9094.721,,,,,,0.0,0.0,,0.0,,,,,0.0,,,,100.0,,,,,3180.688,,100.0,1.92,3180.688,,,,,,-255.556,-1.38,0.0,,,,,0.0,,0.0,,,,,0.0,,,,0.0,0.0,,,,,0.0,0.0,,3180.688,603643.0,5.49,3180.688,100.0,,,,,,0.0,,,,,0.0,,0.0,,,,,0.0,
BTN,Bhutan,2002,4.694,0.019,,,,,10.62,0.583,0.0,0.0,,,,,,22.936,0.0,,,,,0.0,,0.431,699.553,0.64,0.0,0.0,0.0,0.0,2.18,0.0,0.0,0.0,0.0,2.18,0.0,0.0,2.18,0.05,,9858.354,,,,,,0.0,0.0,,0.0,,,,,0.0,,,,100.0,,,,,3538.817,,100.0,2.18,3538.817,,,,,,-240.625,-1.54,0.0,,,,,0.0,,0.0,,,,,0.0,,,,0.0,0.0,,,,,0.0,0.0,,3538.817,616025.0,6.073,3538.817,100.0,,,,,,0.0,,,,,0.0,,0.0,,,,,0.0,
BTN,Bhutan,2003,-25.114,-0.108,,,,,11.38,0.691,0.0,0.0,,,,,,24.0,0.0,,,,,0.0,,0.323,514.007,0.67,0.0,0.0,0.0,0.0,2.5,0.0,0.0,0.0,0.0,2.5,0.0,0.0,2.5,0.06,,10773.573,,,,,,0.0,0.0,,0.0,,,,,0.0,,,,100.0,,,,,3981.906,,100.0,2.5,3981.906,,,,,,-273.134,-1.83,0.0,,,,,0.0,,0.0,,,,,0.0,,,,0.0,0.0,,,,,0.0,0.0,,3981.906,627840.0,6.764,3981.906,100.0,,,,,,0.0,,,,,0.0,,0.0,,,,,0.0,
BTN,Bhutan,2004,-55.324,-0.179,,,,,-3.764,-0.255,0.0,0.0,,,,,,25.751,0.0,,,,,0.0,,0.144,225.695,0.73,0.0,0.0,0.0,0.0,2.33,0.0,0.0,0.0,0.0,2.33,0.0,0.0,2.33,0.06,,10190.058,,,,,,0.0,0.0,,0.0,,,,,0.0,,,,100.0,,,,,3647.413,,100.0,2.33,3647.413,,,,,,-219.178,-1.6,0.0,,,,,0.0,,0.0,,,,,0.0,,,,0.0,0.0,,,,,0.0,0.0,,3647.413,638809.0,6.51,3647.413,100.0,,,,,,0.0,,,,,0.0,,0.0,,,,,0.0,
BTN,Bhutan,2005,187.803,0.271,,,,,13.313,0.867,0.0,0.0,,,,,,22.901,0.0,,,,,0.0,,0.415,639.611,0.92,0.0,0.0,0.0,0.0,2.62,0.0,0.0,0.0,0.0,2.62,0.0,0.0,2.62,0.06,,11369.88,,,,,,0.0,0.0,,0.0,,,,,0.0,,,,100.0,,,,,4038.573,,100.0,2.62,4038.573,,,,,,-184.783,-1.7,0.0,,,,,0.0,,0.0,,,,,0.0,,,,0.0,0.0,,,,,0.0,0.0,,4038.573,648744.0,7.376,4038.573,100.0,,,,,,0.0,,,,,0.0,,0.0,,,,,0.0,
BTN,Bhutan,2006,14.876,0.062,,,,,61.988,4.572,0.0,0.0,,,,,,24.609,0.0,,,,,0.0,,0.477,725.08,1.98,0.0,0.0,0.0,0.0,4.47,0.0,0.0,0.0,0.0,4.47,0.0,0.0,4.47,0.11,,18175.166,,,,,,0.0,0.0,,0.0,,,,,0.0,,,,100.0,,,,,6799.472,,100.0,4.47,6799.472,,,,,,-125.758,-2.49,0.0,,,,,0.0,,0.0,,,,,0.0,,,,0.0,0.0,,,,,0.0,0.0,,6799.472,657404.0,11.948,6799.472,100.0,,,,,,0.0,,,,,0.0,,0.0,,,,,0.0,
BTN,Bhutan,2007,7.448,0.036,,,,,24.954,2.982,0.0,0.0,,,,,,24.653,0.0,,,,,0.0,,0.512,770.328,1.14,0.0,0.0,0.0,0.0,6.49,0.0,0.0,0.0,0.0,6.49,0.0,0.0,6.49,0.16,,22455.386,,,,,,0.0,0.0,,0.0,,,,,0.0,,,,100.0,,,,,9761.263,,100.0,6.49,9761.263,,,,,,-469.298,-5.35,0.0,,,,,0.0,,0.0,,,,,0.0,,,,0.0,0.0,,,,,0.0,0.0,,9761.263,664873.0,14.93,9761.263,100.0,,,,,,0.0,,,,,0.0,,0.0,,,,,0.0,
BTN,Bhutan,2008,-3.68,-0.019,,,,,3.347,0.5,0.0,0.0,,,,,,24.673,0.0,,,,,0.0,,0.493,734.534,0.98,0.0,0.0,0.0,0.0,6.89,0.0,0.0,0.0,0.0,6.89,0.0,0.0,6.89,0.17,,22974.151,,,,,,0.0,0.0,,0.0,,,,,0.0,,,,100.0,,,,,10258.915,,100.0,6.89,10258.915,,,,,,-603.061,-5.91,0.0,,,,,0.0,,0.0,,,,,0.0,,,,0.0,0.0,,,,,0.0,0.0,,10258.915,671611.0,15.43,10258.915,100.0,,,,,,0.0,,,,,0.0,,0.0,,,,,0.0,
BTN,Bhutan,2009,-20.344,-0.1,,,,,3.705,0.572,0.0,0.0,,,,,,24.531,0.0,,,,,0.0,,0.393,579.306,1.59,0.0,0.0,0.0,0.0,6.93,0.0,0.0,0.0,0.0,6.93,0.0,0.0,6.93,0.17,,23589.435,,,,,,0.0,0.0,,0.0,,,,,0.0,,,,100.0,,,,,10216.281,,100.0,6.93,10216.281,,,,,,-335.849,-5.34,0.0,,,,,0.0,,0.0,,,,,0.0,,,,0.0,0.0,,,,,0.0,0.0,,10216.281,678329.0,16.001,10216.281,100.0,,,,,,0.0,,,,,0.0,,0.0,,,,,0.0,
BTN,Bhutan,2010,-24.955,-0.098,,,,,7.081,1.133,0.0,0.0,,,,,,23.416,0.0,,,,,0.0,,0.295,430.188,1.81,0.0,0.0,0.0,0.0,7.26,0.0,0.0,0.0,0.0,7.26,0.0,0.0,7.26,0.17,,24995.49,,,,,,0.0,0.0,,0.0,,,,,0.0,,,,100.0,,,,,10590.779,,100.0,7.26,10590.779,,,,,,-301.105,-5.45,0.0,,,,,0.0,,0.0,,,,,0.0,,,,0.0,0.0,,,,,0.0,0.0,,10590.779,685502.0,17.134,10590.779,100.0,,,,,,0.0,,,,,0.0,,0.0,,,,,0.0,
BTN,Bhutan,2011,70.187,0.207,,,,,-2.697,-0.462,0.0,0.0,,,,,,24.39,0.0,,,,,0.0,,0.502,723.893,1.74,0.0,0.0,0.0,0.0,6.97,0.0,0.0,0.0,0.0,6.97,0.0,0.0,6.97,0.17,,24048.027,,,,,,0.0,0.0,,0.0,,,,,0.0,,,,100.0,,,,,10053.411,,100.0,6.97,10053.411,,,,,,-300.575,-5.23,0.0,,,,,0.0,,0.0,,,,,0.0,,,,0.0,0.0,,,,,0.0,0.0,,10053.411,693297.0,16.672,10053.411,100.0,,,,,,0.0,,,,,0.0,,0.0,,,,,0.0,
BTN,Bhutan,2012,8.84,0.044,,,,,-2.839,-0.473,0.0,0.0,,,,,,23.739,0.0,,,,,0.0,,0.546,778.583,1.9,0.0,0.0,0.0,0.0,6.74,0.0,0.0,0.0,0.0,6.74,0.0,0.0,6.74,0.16,,23089.316,,,,,,0.0,0.0,,0.0,,,,,0.0,,,,100.0,,,,,9606.86,,100.0,6.74,9606.86,,,,,,-254.737,-4.84,0.0,,,,,0.0,,0.0,,,,,0.0,,,,0.0,0.0,,,,,0.0,0.0,,9606.86,701582.0,16.199,9606.86,100.0,,,,,,0.0,,,,,0.0,,0.0,,,,,0.0,
BTN,Bhutan,2013,-30.748,-0.168,,,,,10.77,1.745,0.0,0.0,,,,,,23.904,0.0,,,,,0.0,,0.378,532.612,2.08,0.0,0.0,0.0,0.0,7.53,0.0,0.0,0.0,0.0,7.53,0.0,0.0,7.53,0.18,,25264.496,,,,,,0.0,0.0,,0.0,,,,,0.0,,,,100.0,,,,,10602.125,,100.0,7.53,10602.125,,,,,,-262.019,-5.45,0.0,,,,,0.0,,0.0,,,,,0.0,,,,0.0,0.0,,,,,0.0,0.0,,10602.125,710235.0,17.944,10602.125,100.0,,,,,,0.0,,,,,0.0,,0.0,,,,,0.0,
BTN,Bhutan,2014,56.785,0.215,,,,,-4.256,-0.764,0.0,0.0,,,,,,23.776,0.0,,,,,0.0,,0.593,824.814,2.16,0.0,0.0,0.0,0.0,7.15,0.0,0.0,0.0,0.0,7.15,0.0,0.0,7.15,0.17,,23892.598,,,,,,0.0,0.0,,0.0,,,,,0.0,,,,100.0,,,,,9943.634,,100.0,7.15,9943.634,,,,,,-231.019,-4.99,0.0,,,,,0.0,,0.0,,,,,0.0,,,,0.0,0.0,,,,,0.0,0.0,,9943.634,719053.0,17.18,9943.634,100.0,,,,,,0.0,,,,,0.0,,0.0,,,,,0.0,
BTN,Bhutan,2015,-30.265,-0.179,,,,,4.727,0.812,0.0,0.0,,,,,,24.58,0.0,,,,,0.0,,0.414,568.202,2.13,0.0,0.0,0.0,0.0,7.73,0.0,0.0,0.0,0.0,7.73,0.0,0.0,7.73,0.19,,24718.354,,,,,,0.0,0.0,,0.0,,,,,0.0,,,,100.0,,,,,10619.809,,100.0,7.73,10619.809,,,,,,-262.911,-5.6,0.0,,,,,0.0,,0.0,,,,,0.0,,,,0.0,0.0,,,,,0.0,0.0,,10619.809,727885.0,17.992,10619.809,100.0,,,,,,0.0,,,,,0.0,,0.0,,,,,0.0,
BTN,Bhutan,2016,38.568,0.16,,,,,2.908,0.523,0.0,0.0,,,,,,24.112,0.0,,,,,0.0,,0.573,777.92,2.2,0.0,0.0,0.0,0.0,7.88,0.0,0.0,0.0,0.0,7.88,0.0,0.0,7.88,0.19,,25132.646,,,,,,0.0,0.0,,0.0,,,,,0.0,,,,100.0,,,,,10696.261,,100.0,7.88,10696.261,,,,,,-258.182,-5.68,0.0,,,,,0.0,,0.0,,,,,0.0,,,,0.0,0.0,,,,,0.0,0.0,,10696.261,736706.0,18.515,10696.261,100.0,,,,,,0.0,,,,,0.0,,0.0,,,,,0.0,
BTN,Bhutan,2017,,,,,,,-0.642,-0.119,0.0,0.0,,,,,,23.529,0.0,,,,,0.0,,,,2.04,0.0,0.0,0.0,0.0,7.65,0.0,0.0,0.0,0.0,7.65,0.0,0.0,7.65,0.18,,24674.537,,,,,,0.0,0.0,,0.0,,,,,0.0,,,,100.0,,,,,10260.702,,100.0,7.65,10260.702,,,,,,-275.0,-5.61,0.0,,,,,0.0,,0.0,,,,,0.0,,,,0.0,0.0,,,,,0.0,0.0,,10260.702,745563.0,18.396,10260.702,100.0,,,,,,0.0,,,,,0.0,,0.0,,,,,0.0,
BTN,Bhutan,2018,,,,,,,-4.135,-0.761,0.0,0.0,,,,,,24.673,0.0,,,,,0.0,,,,2.44,0.0,0.0,0.0,0.0,6.89,0.0,0.0,0.0,0.0,6.89,0.0,0.0,6.89,0.17,,23377.166,,,,,,0.0,0.0,,0.0,,,,,0.0,,,,100.0,,,,,9133.134,,100.0,6.89,9133.134,,,,,,-182.377,-4.45,0.0,,,,,0.0,,0.0,,,,,0.0,,,,0.0,0.0,,,,,0.0,0.0,,9133.134,754396.0,17.636,9133.134,100.0,,,,,,0.0,,,,,0.0,,0.0,,,,,0.0,
BTN,Bhutan,2019,,,,,,,26.946,4.752,0.0,0.0,,,,,,23.464,0.0,,,,,0.0,,,,4.37,0.0,0.0,0.0,0.0,8.95,0.0,0.0,0.0,0.0,8.95,0.0,0.0,8.95,0.21,,29338.077,,,,,,0.0,0.0,,0.0,,,,,0.0,,,,100.0,,,,,11728.568,,100.0,8.95,11728.568,,,,,,-104.805,-4.58,0.0,,,,,0.0,,0.0,,,,,0.0,,,,0.0,0.0,,,,,0.0,0.0,,11728.568,763094.0,22.388,11728.568,100.0,,,,,,0.0,,,,,0.0,,0.0,,,,,0.0,
BTN,Bhutan,2020,,,,,,,,,0.0,0.0,,,,,,23.464,0.0,,,,,0.0,,,,4.37,0.0,0.0,0.0,0.0,8.95,0.0,0.0,0.0,0.0,8.95,0.0,0.0,8.95,0.21,,,,,,,,0.0,0.0,,0.0,,,,,0.0,,,,100.0,,,,,11599.094,,100.0,8.95,11599.094,,,,,,-104.805,-4.58,0.0,,,,,0.0,,0.0,,,,,0.0,,,,0.0,0.0,,,,,0.0,0.0,,11599.094,771612.0,,11599.094,100.0,,,,,,0.0,,,,,0.0,,0.0,,,,,0.0,
