iso_code,country,year,coal_prod_change_pct,coal_prod_change_twh,gas_prod_change_pct,gas_prod_change_twh,oil_prod_change_pct,oil_prod_change_twh,energy_cons_change_pct,energy_cons_change_twh,biofuel_share_elec,biofuel_elec_per_capita,biofuel_cons_change_pct,biofuel_share_energy,biofuel_cons_change_twh,biofuel_consumption,biofuel_cons_per_capita,carbon_intensity_elec,coal_share_elec,coal_cons_change_pct,coal_share_energy,coal_cons_change_twh,coal_consumption,coal_elec_per_capita,coal_cons_per_capita,coal_production,coal_prod_per_capita,electricity_demand,biofuel_electricity,coal_electricity,fossil_electricity,gas_electricity,hydro_electricity,nuclear_electricity,oil_electricity,other_renewable_exc_biofuel_electricity,other_renewable_electricity,renewables_electricity,solar_electricity,wind_electricity,electricity_generation,greenhouse_gas_emissions,energy_per_gdp,energy_per_capita,fossil_cons_change_pct,fossil_share_energy,fossil_cons_change_twh,fossil_fuel_consumption,fossil_energy_per_capita,fossil_cons_per_capita,fossil_share_elec,gdp,gas_share_elec,gas_cons_change_pct,gas_share_energy,gas_cons_change_twh,gas_consumption,gas_elec_per_capita,gas_energy_per_capita,gas_production,gas_prod_per_capita,hydro_share_elec,hydro_cons_change_pct,hydro_share_energy,hydro_cons_change_twh,hydro_consumption,hydro_elec_per_capita,hydro_energy_per_capita,low_carbon_share_elec,low_carbon_electricity,low_carbon_elec_per_capita,low_carbon_cons_change_pct,low_carbon_share_energy,low_carbon_cons_change_twh,low_carbon_consumption,low_carbon_energy_per_capita,net_elec_imports_share_demand,net_elec_imports,nuclear_share_elec,nuclear_cons_change_pct,nuclear_share_energy,nuclear_cons_change_twh,nuclear_consumption,nuclear_elec_per_capita,nuclear_energy_per_capita,oil_share_elec,oil_cons_change_pct,oil_share_energy,oil_cons_change_twh,oil_consumption,oil_elec_per_capita,oil_energy_per_capita,oil_production,oil_prod_per_capita,other_renewables_elec_per_capita_exc_biofuel,other_renewables_elec_per_capita,other_renewables_cons_change_pct,other_renewables_share_energy,other_renewables_cons_change_twh,other_renewable_consumption,other_renewables_share_elec_exc_biofuel,other_renewables_share_elec,other_renewables_energy_per_capita,per_capita_electricity,population,primary_energy_consumption,renewables_elec_per_capita,renewables_share_elec,renewables_cons_change_pct,renewables_share_energy,renewables_cons_change_twh,renewables_consumption,renewables_energy_per_capita,solar_share_elec,solar_cons_change_pct,solar_share_energy,solar_cons_change_twh,solar_consumption,solar_elec_per_capita,solar_energy_per_capita,wind_share_elec,wind_cons_change_pct,wind_share_energy,wind_cons_change_twh,wind_consumption,wind_elec_per_capita,wind_energy_per_capita
GEO,Georgia,1992,,,,,,,,,,,,,,,,,,,,,,,,0.718,135.372,,,,,,,,,,,,,,,,3.32,17760.809,,,,,,,,28371175570.0,,,,,,,,0.218,41.112,,,,,,,,,,,,,,,,,,,,,,,,,,,,,,,,1.831,345.158,,,,,,,,,,,5303925.0,94.202,,,,,,,,,,,,,,,,,,,,,
GEO,Georgia,1993,6.383,0.046,-100.0,-0.218,-31.223,-0.572,-38.279,-36.059,,,,,,,,,,,,,,,,0.764,146.639,,,,,,,,,,,,,,,,2.912,11162.092,,,,,,,,19963487697.0,,,,,,,,0.0,0.0,,,,,,,,,,,,,,,,,,,,,,,,,,,,,,,,1.259,241.717,,,,,,,,,,,5208954.0,58.143,,,,,,,,,,,,,,,,,,,,,
GEO,Georgia,1994,22.667,0.173,,0.0,-9.575,-0.121,-22.92,-13.327,,,,,,,,,,,,,,,,0.937,183.823,,,,,,,,,,,,,,,,2.517,8792.461,,,,,,,,17806234261.0,,,,,,,,0.0,0.0,,,,,,,,,,,,,,,,,,,,,,,,,,,,,,,,1.139,223.368,,,,,,,,,,,5097126.0,44.816,,,,,,,,,,,,,,,,,,,,,
GEO,Georgia,1995,-81.522,-0.764,,0.0,-44.705,-0.509,-1.25,-0.56,,,,,,,,,,,,,,,,0.173,34.792,,,,,,,,,,,,,,,,2.433,8893.492,,,,,,,,18187136096.0,,,,,,,,0.0,0.0,,,,,,,,,,,,,,,,,,,,,,,,,,,,,,,,0.63,126.51,,,,,,,,,,,4976252.0,44.256,,,,,,,,,,,,,,,,,,,,,
GEO,Georgia,1996,-52.941,-0.092,,0.0,20.329,0.128,5.144,2.277,,,,,,,,,,,,,,,,0.081,16.811,,,,,,,,,,,,,,,,2.327,9601.115,,,,,,,,19998451242.0,,,,,,,,0.0,0.0,,,,,,,,,,,,,,,,,,,,,,,,,,,,,,,,0.758,156.3,,,,,,,,,,,4846627.0,46.533,,,,,,,,,,,,,,,,,,,,,
GEO,Georgia,1997,-68.75,-0.056,,0.651,122.336,0.927,3.01,1.401,,,,,,,,,,,,,,,,0.025,5.406,,,,,,,,,,,,,,,,2.178,10177.847,,,,,,,,22010930391.0,,,,,,,,0.651,138.176,,,,,,,,,,,,,,,,,,,,,,,,,,,,,,,,1.684,357.622,,,,,,,,,,,4709596.0,47.934,,,,,,,,,,,,,,,,,,,,,
GEO,Georgia,1998,200.0,0.051,0.0,0.0,-18.085,-0.305,1.258,0.603,,,,,,,,,,,,,,,,0.076,16.694,,,,,,,,,,,,,,,,2.154,10608.134,,,,,,,,22536785532.0,,,,,,,,0.651,142.228,,,,,,,,,,,,,,,,,,,,,,,,,,,,,,,,1.38,301.538,,,,,,,,,,,4575396.0,48.536,,,,,,,,,,,,,,,,,,,,,
GEO,Georgia,1999,6.667,0.005,0.0,0.0,0.388,0.005,-2.993,-1.453,,,,,,,,,,,,,,,,0.081,18.282,,,,,,,,,,,,,,,,2.039,10564.793,,,,,,,,23091363629.0,,,,,,,,0.651,146.018,,,,,,,,,,,,,,,,,,,,,,,,,,,,,,,,1.385,310.772,,,,,,,,,,,4456652.0,47.084,,,,,,,,,,,,,,,,,,,,,
GEO,Georgia,2000,-56.25,-0.046,0.0,0.0,-8.842,-0.122,-14.633,-6.89,0.0,0.0,,,,,,118.294,0.0,,,,,0.0,,0.036,8.171,7.52,0.0,0.0,1.47,1.47,5.8,0.0,0.0,0.0,0.0,5.8,0.0,0.0,7.27,0.86,1.707,9214.134,,,,,,336.987,20.22,23550461380.0,20.22,,,,,336.987,,0.651,149.18,79.78,,,,,1329.609,,79.78,5.8,1329.609,,,,,,3.324,0.25,0.0,,,,,0.0,,0.0,,,,,0.0,,1.263,289.429,0.0,0.0,,,,,0.0,0.0,,1666.596,4362184.0,40.194,1329.609,79.78,,,,,,0.0,,,,,0.0,,0.0,,,,,0.0,
GEO,Georgia,2001,-85.681,-0.031,0.0,0.0,-0.273,-0.003,-7.615,-3.061,0.0,0.0,,,,,,113.235,0.0,,,,,0.0,,0.005,1.188,7.07,0.0,0.0,1.31,1.31,5.49,0.0,0.0,0.0,0.0,5.49,0.0,0.0,6.8,0.77,1.513,8641.605,,,,,,304.865,19.265,24543610975.0,19.265,,,,,304.865,,0.651,151.444,80.735,,,,,1277.641,,80.735,5.49,1277.641,,,,,,3.819,0.27,0.0,,,,,0.0,,0.0,,,,,0.0,,1.259,293.018,0.0,0.0,,,,,0.0,0.0,,1582.506,4296981.0,37.133,1277.641,80.735,,,,,,0.0,,,,,0.0,,0.0,,,,,0.0,
GEO,Georgia,2002,498.619,0.025,-78.644,-0.512,-26.0,-0.327,17.859,6.632,0.0,0.0,,,,,,54.469,0.0,,,,,0.0,,0.031,7.175,7.61,0.0,0.0,0.46,0.46,6.7,0.0,0.0,0.0,0.0,6.7,0.0,0.0,7.16,0.39,1.697,10276.799,,,,,,108.017,6.425,25794070634.0,6.425,,,,,108.017,,0.139,32.634,93.575,,,,,1573.297,,93.575,6.7,1573.297,,,,,,5.913,0.45,0.0,,,,,0.0,,0.0,,,,,0.0,,0.932,218.789,0.0,0.0,,,,,0.0,0.0,,1681.314,4258573.0,43.764,1573.297,93.575,,,,,,0.0,,,,,0.0,,0.0,,,,,0.0,
GEO,Georgia,2003,33.333,0.01,53.846,0.075,89.189,0.831,-10.996,-4.812,0.0,0.0,,,,,,63.739,0.0,,,,,0.0,,0.041,9.61,7.97,0.0,0.0,0.6,0.6,6.46,0.0,0.0,0.0,0.0,6.46,0.0,0.0,7.06,0.45,1.365,9189.162,,,,,,141.545,8.499,28539744506.0,8.499,,,,,141.545,,0.214,50.44,91.501,,,,,1523.969,,91.501,6.46,1523.969,,,,,,11.418,0.91,0.0,,,,,0.0,,0.0,,,,,0.0,,1.763,415.844,0.0,0.0,,,,,0.0,0.0,,1665.515,4238930.0,38.952,1523.969,91.501,,,,,,0.0,,,,,0.0,,0.0,,,,,0.0,
GEO,Georgia,2004,0.0,0.0,-3.004,-0.006,-28.376,-0.5,3.279,1.277,0.0,0.0,,,,,,79.295,0.0,,,,,0.0,,0.041,9.64,8.09,0.0,0.0,0.82,0.82,5.99,0.0,0.0,0.0,0.0,5.99,0.0,0.0,6.81,0.54,1.339,9519.921,,,,,,194.046,12.041,30055133447.0,12.041,,,,,194.046,,0.207,49.076,87.959,,,,,1417.479,,87.959,5.99,1417.479,,,,,,15.822,1.28,0.0,,,,,0.0,,0.0,,,,,0.0,,1.263,298.77,0.0,0.0,,,,,0.0,0.0,,1611.525,4225811.0,40.229,1417.479,87.959,,,,,,0.0,,,,,0.0,,0.0,,,,,0.0,
GEO,Georgia,2005,-37.5,-0.015,-25.0,-0.052,-0.273,-0.003,13.76,5.535,0.0,0.0,,,,,,88.235,0.0,,,,,0.0,,0.025,6.048,8.49,0.0,0.0,0.97,0.97,6.17,0.0,0.0,0.0,0.0,6.17,0.0,0.0,7.14,0.63,1.396,10870.096,,,,,,230.395,13.585,32780604906.0,13.585,,,,,230.395,,0.156,36.944,86.415,,,,,1465.503,,86.415,6.17,1465.503,,,,,,15.901,1.35,0.0,,,,,0.0,,0.0,,,,,0.0,,1.259,299.061,0.0,0.0,,,,,0.0,0.0,,1695.898,4210158.0,45.765,1465.503,86.415,,,,,,0.0,,,,,0.0,,0.0,,,,,0.0,
GEO,Georgia,2006,80.0,0.02,-33.333,-0.052,-50.0,-0.63,-9.596,-4.392,0.0,0.0,,,,,,146.273,0.0,,,,,0.0,,0.046,10.939,7.73,0.0,0.0,1.85,1.85,5.26,0.0,0.0,0.0,0.0,5.26,0.0,0.0,7.11,1.04,1.159,9874.928,,,,,,441.557,26.02,35705842374.0,26.02,,,,,441.557,,0.104,24.749,73.98,,,,,1255.453,,73.98,5.26,1255.453,,,,,,8.021,0.62,0.0,,,,,0.0,,0.0,,,,,0.0,,0.63,150.26,0.0,0.0,,,,,0.0,0.0,,1697.01,4189722.0,41.373,1255.453,73.98,,,,,,0.0,,,,,0.0,,0.0,,,,,0.0,
GEO,Georgia,2007,55.556,0.025,-6.593,-0.007,0.0,0.0,25.07,10.372,0.0,0.0,,,,,,105.263,0.0,,,,,0.0,,0.071,17.109,7.97,0.0,0.0,1.42,1.42,6.75,0.0,0.0,0.0,0.0,6.75,0.0,0.0,8.17,0.86,1.293,12418.383,,,,,,340.784,17.381,40006932326.0,17.381,,,,,340.784,,0.097,23.244,82.619,,,,,1619.925,,82.619,6.75,1619.925,,,,,,-2.509,-0.2,0.0,,,,,0.0,,0.0,,,,,0.0,,0.63,151.084,0.0,0.0,,,,,0.0,0.0,,1960.709,4166859.0,51.746,1619.925,82.619,,,,,,0.0,,,,,0.0,,0.0,,,,,0.0,
GEO,Georgia,2008,-21.429,-0.015,-22.053,-0.021,0.274,0.002,0.038,0.02,0.0,0.0,,,,,,91.566,0.0,,,,,0.0,,0.056,13.521,8.18,0.0,0.0,1.21,1.21,7.09,0.0,0.0,0.0,0.0,7.09,0.0,0.0,8.3,0.76,1.269,12495.73,,,,,,292.084,14.578,40781257175.0,14.578,,,,,292.084,,0.075,18.224,85.422,,,,,1711.466,,85.422,7.09,1711.466,,,,,,-1.467,-0.12,0.0,,,,,0.0,,0.0,,,,,0.0,,0.631,152.384,0.0,0.0,,,,,0.0,0.0,,2003.549,4142648.0,51.765,1711.466,85.422,,,,,,0.0,,,,,0.0,,0.0,,,,,0.0,
GEO,Georgia,2009,1281.819,0.718,25.0,0.019,-0.273,-0.002,1.678,0.869,0.0,0.0,,,,,,84.323,0.0,,,,,0.0,,0.774,187.892,7.93,0.0,0.0,1.08,1.08,7.34,0.0,0.0,0.0,0.0,7.34,0.0,0.0,8.42,0.71,1.346,12776.878,,,,,,262.168,12.827,39112845243.0,12.827,,,,,262.168,,0.094,22.908,87.173,,,,,1781.774,,87.173,7.34,1781.774,,,,,,-6.179,-0.49,0.0,,,,,0.0,,0.0,,,,,0.0,,0.63,152.822,0.0,0.0,,,,,0.0,0.0,,2043.942,4119490.0,52.634,1781.774,87.173,,,,,,0.0,,,,,0.0,,0.0,,,,,0.0,
GEO,Georgia,2010,-30.921,-0.239,-48.408,-0.046,-0.0,-0.0,7.811,4.111,0.0,0.0,,,,,,57.114,0.0,,,,,0.0,,0.535,130.44,8.72,0.0,0.0,0.71,0.71,9.27,0.0,0.0,0.0,0.0,9.27,0.0,0.0,9.98,0.57,1.372,13843.399,,,,,,173.209,7.114,41359868692.0,7.114,,,,,173.209,,0.049,11.878,92.886,,,,,2261.474,,92.886,9.27,2261.474,,,,,,-14.45,-1.26,0.0,,,,,0.0,,0.0,,,,,0.0,,0.63,153.582,0.0,0.0,,,,,0.0,0.0,,2434.683,4099096.0,56.745,2261.474,92.886,,,,,,0.0,,,,,0.0,,0.0,,,,,0.0,
GEO,Georgia,2011,33.333,0.178,-39.993,-0.019,0.0,0.0,-6.92,-3.927,0.0,0.0,,,,,,125.251,0.0,,,,,0.0,,0.713,174.69,9.53,0.0,0.0,2.17,2.17,7.81,0.0,0.0,0.0,0.0,7.81,0.0,0.0,9.98,1.25,1.197,12942.599,,,,,,531.731,21.743,44138077147.0,21.743,,,,,531.731,,0.029,7.159,78.257,,,,,1913.741,,78.257,7.81,1913.741,,,,,,-4.722,-0.45,0.0,,,,,0.0,,0.0,,,,,0.0,,0.63,154.262,0.0,0.0,,,,,0.0,0.0,,2445.472,4081012.0,52.819,1913.741,78.257,,,,,,0.0,,,,,0.0,,0.0,,,,,0.0,
GEO,Georgia,2012,81.429,0.581,-33.334,-0.01,0.274,0.002,3.551,1.876,0.0,0.0,,,,,,138.332,0.0,,,,,0.0,,1.293,318.257,9.56,0.0,0.0,2.32,2.32,7.15,0.0,0.0,0.0,0.0,7.15,0.0,0.0,9.47,1.31,1.165,13458.002,,,,,,570.853,24.498,46940131377.0,24.498,,,,,570.853,,0.019,4.792,75.502,,,,,1759.308,,75.502,7.15,1759.308,,,,,,0.941,0.09,0.0,,,,,0.0,,0.0,,,,,0.0,,0.631,155.329,0.0,0.0,,,,,0.0,0.0,,2330.161,4064097.0,54.695,1759.308,75.502,,,,,,0.0,,,,,0.0,,0.0,,,,,0.0,
GEO,Georgia,2013,59.134,0.765,199.965,0.039,-0.273,-0.002,12.608,6.896,0.0,0.0,,,,,,103.343,0.0,,,,,0.0,,2.058,508.38,9.9,0.0,0.0,1.68,1.68,8.19,0.0,0.0,0.0,0.0,8.19,0.0,0.0,9.87,1.02,1.269,15212.441,,,,,,414.948,17.021,48532125630.0,17.021,,,,,414.948,,0.058,14.43,82.979,,,,,2022.871,,82.979,8.19,2022.871,,,,,,0.303,0.03,0.0,,,,,0.0,,0.0,,,,,0.0,,0.63,155.494,0.0,0.0,,,,,0.0,0.0,,2437.819,4048701.0,61.591,2022.871,82.979,,,,,,0.0,,,,,0.0,,0.0,,,,,0.0,
GEO,Georgia,2014,-26.378,-0.543,-83.331,-0.049,0.0,0.0,4.447,2.739,0.0,0.0,,,,,,112.205,0.0,,,,,0.0,,1.515,375.521,10.41,0.0,0.0,1.91,1.91,8.25,0.0,0.0,0.0,0.0,8.25,0.0,0.0,10.16,1.14,1.267,15941.603,,,,,,473.322,18.799,50778368828.0,18.799,,,,,473.322,,0.01,2.413,81.201,,,,,2044.453,,81.201,8.25,2044.453,,,,,,2.402,0.25,0.0,,,,,0.0,,0.0,,,,,0.0,,0.63,156.01,0.0,0.0,,,,,0.0,0.0,,2517.774,4035310.0,64.329,2044.453,81.201,,,,,,0.0,,,,,0.0,,0.0,,,,,0.0,
GEO,Georgia,2015,1.024,0.016,899.883,0.088,-20.055,-0.126,6.038,3.884,0.0,0.0,,,,,,122.526,0.0,,,,,0.0,,1.531,380.414,10.65,0.0,0.0,2.24,2.24,8.37,0.0,0.0,0.0,0.0,8.37,0.0,0.0,10.61,1.3,1.306,16950.881,,,,,,556.635,21.112,52238068260.0,21.112,,,,,556.635,,0.097,24.197,78.888,,,,,2079.927,,78.888,8.37,2079.927,,,,,,0.376,0.04,0.0,,,,,0.0,,0.0,,,,,0.0,,0.503,125.067,0.0,0.0,,,,,0.0,0.0,,2636.562,4024180.0,68.213,2079.927,78.888,,,,,,0.0,,,,,0.0,,0.0,,,,,0.0,
GEO,Georgia,2016,-3.64,-0.056,-36.364,-0.035,-49.829,-0.251,5.699,3.888,0.0,0.0,,,,,,110.132,0.0,,,,,0.0,,1.475,367.365,11.27,0.0,0.0,2.1,2.1,9.24,0.0,0.0,0.0,0.0,9.25,0.0,0.01,11.35,1.25,1.344,17955.854,,,,,,522.979,18.502,53661817095.0,18.502,,,,,522.979,,0.062,15.432,81.41,,,,,2301.108,,81.498,9.25,2303.598,,,,,,-0.71,-0.08,0.0,,,,,0.0,,0.0,,,,,0.0,,0.253,62.884,0.0,0.0,,,,,0.0,0.0,,2826.577,4015457.0,72.101,2303.598,81.498,,,,,,0.0,,,,,0.0,,0.088,,,,,2.49,
GEO,Georgia,2017,,,,,,,-0.573,-0.413,0.0,0.0,,,,,,110.522,0.0,,,,,0.0,,,,12.12,0.0,0.0,2.1,2.1,9.12,0.0,0.0,0.0,0.0,9.21,0.0,0.09,11.31,1.25,1.274,17882.922,,,,,,523.858,18.568,56260122300.0,18.568,,,,,523.858,,,,80.637,,,,,2275.039,,81.432,9.21,2297.49,,,,,,6.683,0.81,0.0,,,,,0.0,,0.0,,,,,0.0,,,,0.0,0.0,,,,,0.0,0.0,,2821.347,4008723.0,71.688,2297.49,81.432,,,,,,0.0,,,,,0.0,,0.796,,,,,22.451,
GEO,Georgia,2018,,,,,,,1.999,1.433,0.0,0.0,,,,,,102.349,0.0,,,,,0.0,,,,12.84,0.0,0.0,1.99,1.99,9.85,0.0,0.0,0.0,0.0,9.93,0.0,0.08,11.92,1.22,1.24,18266.66,,,,,,497.134,16.695,58984799875.0,16.695,,,,,497.134,,,,82.634,,,,,2460.688,,83.305,9.93,2480.673,,,,,,7.165,0.92,0.0,,,,,0.0,,0.0,,,,,0.0,,,,0.0,0.0,,,,,0.0,0.0,,2977.807,4002946.0,73.12,2480.673,83.305,,,,,,0.0,,,,,0.0,,0.671,,,,,19.985,
GEO,Georgia,2019,,,,,,,1.379,1.009,0.0,0.0,,,,,,131.034,0.0,,,,,0.0,,,,12.98,0.0,0.0,2.67,2.67,8.84,0.0,0.0,0.0,0.0,8.93,0.0,0.09,11.6,1.52,,18547.295,,,,,,668.041,23.017,,23.017,,,,,668.041,,,,76.207,,,,,2211.79,,76.983,8.93,2234.309,,,,,,10.632,1.38,0.0,,,,,0.0,,0.0,,,,,0.0,,,,0.0,0.0,,,,,0.0,0.0,,2902.349,3996762.0,74.129,2234.309,76.983,,,,,,0.0,,,,,0.0,,0.776,,,,,22.518,
GEO,Georgia,2020,,,,,,,,,0.0,0.0,,,,,,136.488,0.0,,,,,0.0,,,,12.45,0.0,0.0,2.65,2.65,8.25,0.0,0.0,0.0,0.0,8.34,0.0,0.09,10.99,1.5,,,,,,,,664.298,24.113,,24.113,,,,,664.298,,,,75.068,,,,,2068.097,,75.887,8.34,2090.658,,,,,,11.727,1.46,0.0,,,,,0.0,,0.0,,,,,0.0,,,,0.0,0.0,,,,,0.0,0.0,,2754.956,3989175.0,,2090.658,75.887,,,,,,0.0,,,,,0.0,,0.819,,,,,22.561,
GEO,Georgia,2021,,,,,,,,,0.0,0.0,,,,,,105.685,0.0,,,,,0.0,,,,13.27,0.0,0.0,2.21,2.21,10.19,0.0,0.0,0.0,0.0,10.28,0.0,0.09,12.49,1.32,,,,,,,,555.308,17.694,,17.694,,,,,555.308,,,,81.585,,,,,2560.448,,82.306,10.28,2583.062,,,,,,5.878,0.78,0.0,,,,,0.0,,0.0,,,,,0.0,,,,0.0,0.0,,,,,0.0,0.0,,3138.37,3979773.0,,2583.062,82.306,,,,,,0.0,,,,,0.0,,0.721,,,,,22.614,
