iso_code,country,year,coal_prod_change_pct,coal_prod_change_twh,gas_prod_change_pct,gas_prod_change_twh,oil_prod_change_pct,oil_prod_change_twh,energy_cons_change_pct,energy_cons_change_twh,biofuel_share_elec,biofuel_elec_per_capita,biofuel_cons_change_pct,biofuel_share_energy,biofuel_cons_change_twh,biofuel_consumption,biofuel_cons_per_capita,carbon_intensity_elec,coal_share_elec,coal_cons_change_pct,coal_share_energy,coal_cons_change_twh,coal_consumption,coal_elec_per_capita,coal_cons_per_capita,coal_production,coal_prod_per_capita,electricity_demand,biofuel_electricity,coal_electricity,fossil_electricity,gas_electricity,hydro_electricity,nuclear_electricity,oil_electricity,other_renewable_exc_biofuel_electricity,other_renewable_electricity,renewables_electricity,solar_electricity,wind_electricity,electricity_generation,greenhouse_gas_emissions,energy_per_gdp,energy_per_capita,fossil_cons_change_pct,fossil_share_energy,fossil_cons_change_twh,fossil_fuel_consumption,fossil_energy_per_capita,fossil_cons_per_capita,fossil_share_elec,gdp,gas_share_elec,gas_cons_change_pct,gas_share_energy,gas_cons_change_twh,gas_consumption,gas_elec_per_capita,gas_energy_per_capita,gas_production,gas_prod_per_capita,hydro_share_elec,hydro_cons_change_pct,hydro_share_energy,hydro_cons_change_twh,hydro_consumption,hydro_elec_per_capita,hydro_energy_per_capita,low_carbon_share_elec,low_carbon_electricity,low_carbon_elec_per_capita,low_carbon_cons_change_pct,low_carbon_share_energy,low_carbon_cons_change_twh,low_carbon_consumption,low_carbon_energy_per_capita,net_elec_imports_share_demand,net_elec_imports,nuclear_share_elec,nuclear_cons_change_pct,nuclear_share_energy,nuclear_cons_change_twh,nuclear_consumption,nuclear_elec_per_capita,nuclear_energy_per_capita,oil_share_elec,oil_cons_change_pct,oil_share_energy,oil_cons_change_twh,oil_consumption,oil_elec_per_capita,oil_energy_per_capita,oil_production,oil_prod_per_capita,other_renewables_elec_per_capita_exc_biofuel,other_renewables_elec_per_capita,other_renewables_cons_change_pct,other_renewables_share_energy,other_renewables_cons_change_twh,other_renewable_consumption,other_renewables_share_elec_exc_biofuel,other_renewables_share_elec,other_renewables_energy_per_capita,per_capita_electricity,population,primary_energy_consumption,renewables_elec_per_capita,renewables_share_elec,renewables_cons_change_pct,renewables_share_energy,renewables_cons_change_twh,renewables_consumption,renewables_energy_per_capita,solar_share_elec,solar_cons_change_pct,solar_share_energy,solar_cons_change_twh,solar_consumption,solar_elec_per_capita,solar_energy_per_capita,wind_share_elec,wind_cons_change_pct,wind_share_energy,wind_cons_change_twh,wind_consumption,wind_elec_per_capita,wind_energy_per_capita
MWI,Malawi,1980,,,,,,,,,,,,,,,,,,,,,,,,0.0,0.0,,,,,,,,,,,,,,,,0.564,567.232,,,,,,,,6283546048.0,,,,,,,,,,,,,,,,,,,,,,,,,,,,,,,,,,,,,,,,,,,,,,,,,,,,,6250434.0,3.545,,,,,,,,,,,,,,,,,,,,,
MWI,Malawi,1981,,0.0,,,,,4.666,0.165,,,,,,,,,,,,,,,,0.0,0.0,,,,,,,,,,,,,,,,0.621,578.707,,,,,,,,5974818275.0,,,,,,,,,,,,,,,,,,,,,,,,,,,,,,,,,,,,,,,,,,,,,,,,,,,,,6412380.0,3.711,,,,,,,,,,,,,,,,,,,,,
MWI,Malawi,1982,,0.0,,,,,-5.446,-0.202,,,,,,,,,,,,,,,,0.0,0.0,,,,,,,,,,,,,,,,0.582,534.392,,,,,,,,6028067264.0,,,,,,,,,,,,,,,,,,,,,,,,,,,,,,,,,,,,,,,,,,,,,,,,,,,,,6565985.0,3.509,,,,,,,,,,,,,,,,,,,,,
MWI,Malawi,1983,,0.073,,,,,-6.857,-0.241,,,,,,,,,,,,,,,,0.073,10.856,,,,,,,,,,,,,,,,0.52,485.048,,,,,,,,6284869228.0,,,,,,,,,,,,,,,,,,,,,,,,,,,,,,,,,,,,,,,,,,,,,,,,,,,,,6737924.0,3.268,,,,,,,,,,,,,,,,,,,,,
MWI,Malawi,1984,10.0,0.007,,,,,-0.632,-0.021,,,,,,,,,,,,,,,,0.08,11.553,,,,,,,,,,,,,,,,0.494,466.294,,,,,,,,6571625500.0,,,,,,,,,,,,,,,,,,,,,,,,,,,,,,,,,,,,,,,,,,,,,,,,,,,,,6964613.0,3.248,,,,,,,,,,,,,,,,,,,,,
MWI,Malawi,1985,159.091,0.128,,,,,10.384,0.337,,,,,,,,,,,,,,,,0.208,28.683,,,,,,,,,,,,,,,,0.506,493.211,,,,,,,,7081270728.0,,,,,,,,,,,,,,,,,,,,,,,,,,,,,,,,,,,,,,,,,,,,,,,,,,,,,7268271.0,3.585,,,,,,,,,,,,,,,,,,,,,
MWI,Malawi,1986,8.772,0.018,,,,,-0.948,-0.034,,,,,,,,,,,,,,,,0.227,29.579,,,,,,,,,,,,,,,,0.499,463.166,,,,,,,,7121541024.0,,,,,,,,,,,,,,,,,,,,,,,,,,,,,,,,,,,,,,,,,,,,,,,,,,,,,7666390.0,3.551,,,,,,,,,,,,,,,,,,,,,
MWI,Malawi,1987,3.427,0.008,,,,,4.524,0.161,,,,,,,,,,,,,,,,0.235,28.809,,,,,,,,,,,,,,,,0.509,455.887,,,,,,,,7284503375.0,,,,,,,,,,,,,,,,,,,,,,,,,,,,,,,,,,,,,,,,,,,,,,,,,,,,,8141140.0,3.711,,,,,,,,,,,,,,,,,,,,,
MWI,Malawi,1988,43.47,0.102,,,,,0.287,0.011,,,,,,,,,,,,,,,,0.336,38.96,,,,,,,,,,,,,,,,0.498,430.964,,,,,,,,7481569904.0,,,,,,,,,,,,,,,,,,,,,,,,,,,,,,,,,,,,,,,,,,,,,,,,,,,,,8636686.0,3.722,,,,,,,,,,,,,,,,,,,,,
MWI,Malawi,1989,15.217,0.051,,,,,12.55,0.467,,,,,,,,,,,,,,,,0.388,42.718,,,,,,,,,,,,,,,,0.534,461.592,,,,,,,,7846863552.0,,,,,,,,,,,,,,,,,,,,,,,,,,,,,,,,,,,,,,,,,,,,,,,,,,,,,9075568.0,4.189,,,,,,,,,,,,,,,,,,,,,
MWI,Malawi,1990,-5.425,-0.021,,,,,12.349,0.517,,,,,,,,,,,,,,,,0.367,38.988,,,,,,,,,,,,,,,,0.573,500.457,,,,,,,,8210711250.0,,,,,,,,,,,,,,,,,,,,,,,,,,,,,,,,,,,,,,,,,,,,,,,,,,,,,9404499.0,4.707,,,,,,,,,,,,,,,,,,,,,
MWI,Malawi,1991,1.746,0.006,,,,,14.306,0.673,,,,,,,,,,,,,,,,0.373,38.859,,,,,,,,,,,,,,,,0.605,560.38,,,,,,,,8886467601.0,,,,,,,,,,,,,,,,,,,,,,,,,,,,,,,,,,,,,,,,,,,,,,,,,,,,,9600361.0,5.38,,,,,,,,,,,,,,,,,,,,,
MWI,Malawi,1992,1.961,0.007,,,,,1.435,0.077,,,,,,,,,,,,,,,,0.38,39.271,,,,,,,,,,,,,,,,0.666,563.4,,,,,,,,8192293837.0,,,,,,,,,,,,,,,,,,,,,,,,,,,,,,,,,,,,,,,,,,,,,,,,,,,,,9685974.0,5.457,,,,,,,,,,,,,,,,,,,,,
MWI,Malawi,1993,0.0,0.0,,,,,-2.222,-0.121,,,,,,,,,,,,,,,,0.38,39.172,,,,,,,,,,,,,,,,0.596,549.499,,,,,,,,8945961793.0,,,,,,,,,,,,,,,,,,,,,,,,,,,,,,,,,,,,,,,,,,,,,,,,,,,,,9710335.0,5.336,,,,,,,,,,,,,,,,,,,,,
MWI,Malawi,1994,-1.923,-0.007,,,,,6.144,0.328,,,,,,,,,,,,,,,,0.373,38.28,,,,,,,,,,,,,,,,0.708,581.144,,,,,,,,7996239102.0,,,,,,,,,,,,,,,,,,,,,,,,,,,,,,,,,,,,,,,,,,,,,,,,,,,,,9745695.0,5.664,,,,,,,,,,,,,,,,,,,,,
MWI,Malawi,1995,-3.922,-0.015,,,,,4.138,0.234,,,,,,,,,,,,,,,,0.358,36.41,,,,,,,,,,,,,,,,0.651,599.126,,,,,,,,9062586330.0,,,,,,,,,,,,,,,,,,,,,,,,,,,,,,,,,,,,,,,,,,,,,,,,,,,,,9844418.0,5.898,,,,,,,,,,,,,,,,,,,,,
MWI,Malawi,1996,8.163,0.029,,,,,1.465,0.086,,,,,,,,,,,,,,,,0.388,38.681,,,,,,,,,,,,,,,,0.603,597.084,,,,,,,,9927493321.0,,,,,,,,,,,,,,,,,,,,,,,,,,,,,,,,,,,,,,,,,,,,,,,,,,,,,10022783.0,5.984,,,,,,,,,,,,,,,,,,,,,
MWI,Malawi,1997,3.774,0.015,,,,,0.584,0.035,,,,,,,,,,,,,,,,0.402,39.194,,,,,,,,,,,,,,,,0.571,586.403,,,,,,,,10535373190.0,,,,,,,,,,,,,,,,,,,,,,,,,,,,,,,,,,,,,,,,,,,,,,,,,,,,,10264906.0,6.019,,,,,,,,,,,,,,,,,,,,,
MWI,Malawi,1998,3.636,0.015,,,,,6.095,0.367,,,,,,,,,,,,,,,,0.417,39.513,,,,,,,,,,,,,,,,0.602,605.197,,,,,,,,10605721384.0,,,,,,,,,,,,,,,,,,,,,,,,,,,,,,,,,,,,,,,,,,,,,,,,,,,,,10552345.0,6.386,,,,,,,,,,,,,,,,,,,,,
MWI,Malawi,1999,10.947,0.046,,,,,-1.276,-0.081,,,,,,,,,,,,,,,,0.463,42.619,,,,,,,,,,,,,,,,0.577,580.853,,,,,,,,10931502635.0,,,,,,,,,,,,,,,,,,,,,,,,,,,,,,,,,,,,,,,,,,,,,,,,,,,,,10854325.0,6.305,,,,,,,,,,,,,,,,,,,,,
MWI,Malawi,2000,24.447,0.113,,,,,8.032,0.506,4.032,4.485,,,,,,120.968,0.0,,,,,0.0,,0.576,51.637,1.24,0.05,0.0,0.17,0.0,1.02,0.0,0.17,0.0,0.05,1.07,0.0,0.0,1.24,0.15,0.621,610.933,,,,,,15.248,13.71,10965810464.0,0.0,,,,,0.0,,,,82.258,,,,,91.49,,86.29,1.07,95.975,,,,,,0.0,0.0,0.0,,,,,0.0,,13.71,,,,,15.248,,,,0.0,4.485,,,,,0.0,4.032,,111.223,11148751.0,6.811,95.975,86.29,,,,,,0.0,,,,,0.0,,0.0,,,,,0.0,
MWI,Malawi,2001,-38.628,-0.222,,,,,-1.749,-0.119,3.968,4.374,,,,,,119.048,0.0,,,,,0.0,,0.353,30.906,1.26,0.05,0.0,0.17,0.0,1.04,0.0,0.17,0.0,0.05,1.09,0.0,0.0,1.26,0.15,0.639,585.373,,,,,,14.871,13.492,10477105130.0,0.0,,,,,0.0,,,,82.54,,,,,90.973,,86.508,1.09,95.346,,,,,,0.0,0.0,0.0,,,,,0.0,,13.492,,,,,14.871,,,,0.0,4.374,,,,,0.0,3.968,,110.217,11432001.0,6.692,95.346,86.508,,,,,,0.0,,,,,0.0,,0.0,,,,,0.0,
MWI,Malawi,2002,30.228,0.107,,,,,-1.186,-0.079,4.511,5.122,,,,,,127.82,0.0,,,,,0.0,,0.46,39.28,1.33,0.06,0.0,0.18,0.0,1.09,0.0,0.18,0.0,0.06,1.15,0.0,0.0,1.33,0.17,0.623,564.522,,,,,,15.367,13.534,10619106467.0,0.0,,,,,0.0,,,,81.955,,,,,93.054,,86.466,1.15,98.176,,,,,,0.0,0.0,0.0,,,,,0.0,,13.534,,,,,15.367,,,,0.0,5.122,,,,,0.0,4.511,,113.543,11713663.0,6.613,98.176,86.466,,,,,,0.0,,,,,0.0,,0.0,,,,,0.0,
MWI,Malawi,2003,29.412,0.135,,,,,5.056,0.334,5.185,5.833,,,,,,111.111,0.0,,,,,0.0,,0.595,49.619,1.35,0.07,0.0,0.14,0.0,1.14,0.0,0.14,0.0,0.07,1.21,0.0,0.0,1.35,0.15,0.622,578.902,,,,,,11.666,10.37,11173208905.0,0.0,,,,,0.0,,,,84.444,,,,,94.999,,89.63,1.21,100.832,,,,,,0.0,0.0,0.0,,,,,0.0,,10.37,,,,,11.666,,,,0.0,5.833,,,,,0.0,5.185,,112.498,12000183.0,6.947,100.832,89.63,,,,,,0.0,,,,,0.0,,0.0,,,,,0.0,
MWI,Malawi,2004,-36.364,-0.217,,,,,6.65,0.462,4.027,4.877,,,,,,107.383,0.0,,,,,0.0,,0.379,30.801,1.49,0.06,0.0,0.17,0.0,1.26,0.0,0.17,0.0,0.06,1.32,0.0,0.0,1.49,0.16,0.632,602.259,,,,,,13.819,11.409,11727016409.0,0.0,,,,,0.0,,,,84.564,,,,,102.424,,88.591,1.32,107.301,,,,,,0.0,0.0,0.0,,,,,0.0,,11.409,,,,,13.819,,,,0.0,4.877,,,,,0.0,4.027,,121.12,12301837.0,7.409,107.301,88.591,,,,,,0.0,,,,,0.0,,0.0,,,,,0.0,
MWI,Malawi,2005,0.193,0.001,,,,,-2.691,-0.199,3.922,4.752,,,,,,98.039,0.0,,,,,0.0,,0.38,30.069,1.53,0.06,0.0,0.16,0.0,1.31,0.0,0.16,0.0,0.06,1.37,0.0,0.0,1.53,0.15,0.598,571.006,,,,,,12.672,10.458,12058076740.0,0.0,,,,,0.0,,,,85.621,,,,,103.755,,89.542,1.37,108.507,,,,,,0.0,0.0,0.0,,,,,0.0,,10.458,,,,,12.672,,,,0.0,4.752,,,,,0.0,3.922,,121.179,12625950.0,7.209,108.507,89.542,,,,,,0.0,,,,,0.0,,0.0,,,,,0.0,
MWI,Malawi,2006,16.378,0.062,,,,,3.293,0.237,3.846,4.625,,,,,,96.154,0.0,,,,,0.0,,0.442,34.055,1.56,0.06,0.0,0.16,0.0,1.34,0.0,0.16,0.0,0.06,1.4,0.0,0.0,1.56,0.15,0.592,574.003,,,,,,12.333,10.256,12575063642.0,0.0,,,,,0.0,,,,85.897,,,,,103.286,,89.744,1.4,107.911,,,,,,0.0,0.0,0.0,,,,,0.0,,10.256,,,,,12.333,,,,0.0,4.625,,,,,0.0,3.846,,120.243,12973693.0,7.447,107.911,89.744,,,,,,0.0,,,,,0.0,,0.0,,,,,0.0,
MWI,Malawi,2007,-2.98,-0.013,,,,,-0.294,-0.022,3.774,4.497,,,,,,94.34,0.0,,,,,0.0,,0.429,32.129,1.59,0.06,0.0,0.16,0.0,1.37,0.0,0.16,0.0,0.06,1.43,0.0,0.0,1.59,0.15,0.541,556.523,,,,,,11.992,10.063,13731751887.0,0.0,,,,,0.0,,,,86.164,,,,,102.685,,89.937,1.43,107.182,,,,,,0.0,0.0,0.0,,,,,0.0,,10.063,,,,,11.992,,,,0.0,4.497,,,,,0.0,3.774,,119.174,13341808.0,7.425,107.182,89.937,,,,,,0.0,,,,,0.0,,0.0,,,,,0.0,
MWI,Malawi,2008,3.413,0.015,,,,,13.996,1.039,4.624,5.828,,,,,,86.705,0.0,,,,,0.0,,0.443,32.291,1.73,0.08,0.0,0.13,0.0,1.52,0.0,0.13,0.0,0.08,1.6,0.0,0.0,1.73,0.15,0.575,616.572,,,,,,9.47,7.514,14709903680.0,0.0,,,,,0.0,,,,87.861,,,,,110.723,,92.486,1.6,116.551,,,,,,0.0,0.0,0.0,,,,,0.0,,7.514,,,,,9.47,,,,0.0,5.828,,,,,0.0,4.624,,126.021,13727899.0,8.464,116.551,92.486,,,,,,0.0,,,,,0.0,,0.0,,,,,0.0,
MWI,Malawi,2009,-2.64,-0.012,,,,,-6.915,-0.585,4.07,4.955,,,,,,98.837,0.0,,,,,0.0,,0.432,30.548,1.72,0.07,0.0,0.16,0.0,1.49,0.0,0.16,0.0,0.07,1.56,0.0,0.0,1.72,0.17,0.496,557.679,,,,,,11.325,9.302,15876241609.0,0.0,,,,,0.0,,,,86.628,,,,,105.463,,90.698,1.56,110.418,,,,,,0.0,0.0,0.0,,,,,0.0,,9.302,,,,,11.325,,,,0.0,4.955,,,,,0.0,4.07,,121.743,14128161.0,7.879,110.418,90.698,,,,,,0.0,,,,,0.0,,0.0,,,,,0.0,
MWI,Malawi,2010,33.898,0.146,,,,,19.917,1.569,3.571,4.814,,,,,,86.735,0.0,,,,,0.0,,0.578,39.745,1.96,0.07,0.0,0.15,0.0,1.74,0.0,0.15,0.0,0.07,1.81,0.0,0.0,1.96,0.17,0.56,649.827,,,,,,10.317,7.653,16885784521.0,0.0,,,,,0.0,,,,88.776,,,,,119.673,,92.347,1.81,124.488,,,,,,0.0,0.0,0.0,,,,,0.0,,7.653,,,,,10.317,,,,0.0,4.814,,,,,0.0,3.571,,134.804,14539609.0,9.448,124.488,92.347,,,,,,0.0,,,,,0.0,,0.0,,,,,0.0,
MWI,Malawi,2011,-2.532,-0.015,,,,,0.683,0.064,3.0,4.01,,,,,,80.0,0.0,,,,,0.0,,0.563,37.645,2.0,0.06,0.0,0.15,0.0,1.79,0.0,0.15,0.0,0.06,1.85,0.0,0.0,2.0,0.16,0.539,635.788,,,,,,10.025,7.5,17638377802.0,0.0,,,,,0.0,,,,89.5,,,,,119.635,,92.5,1.85,123.646,,,,,,0.0,0.0,0.0,,,,,0.0,,7.5,,,,,10.025,,,,0.0,4.01,,,,,0.0,3.0,,133.671,14962118.0,9.513,123.646,92.5,,,,,,0.0,,,,,0.0,,0.0,,,,,0.0,
MWI,Malawi,2012,-7.792,-0.044,,,,,0.423,0.04,3.349,4.547,,,,,,81.34,0.0,,,,,0.0,,0.519,33.734,2.09,0.07,0.0,0.15,0.0,1.86,0.0,0.15,0.0,0.07,1.94,0.01,0.0,2.09,0.17,0.532,620.484,,,,,,9.743,7.177,17964285878.0,0.0,,,,,0.0,,,,88.995,,,,,120.811,,92.823,1.94,126.007,,,,,,0.0,0.0,0.0,,,,,0.0,,7.177,,,,,9.743,,,,0.0,4.547,,,,,0.0,3.349,,135.749,15396010.0,9.553,126.007,92.823,,,,,,0.478,,,,,0.65,,0.0,,,,,0.0,
MWI,Malawi,2013,-5.634,-0.029,,,,,1.689,0.161,3.333,4.419,,,,,,80.952,0.0,,,,,0.0,,0.49,30.942,2.1,0.07,0.0,0.16,0.0,1.86,0.0,0.16,0.0,0.07,1.94,0.01,0.0,2.1,0.17,0.514,613.306,,,,,,10.101,7.619,18903972117.0,0.0,,,,,0.0,,,,88.571,,,,,117.43,,92.381,1.94,122.48,,,,,,0.0,0.0,0.0,,,,,0.0,,7.619,,,,,10.101,,,,0.0,4.419,,,,,0.0,3.333,,132.582,15839287.0,9.714,122.48,92.381,,,,,,0.476,,,,,0.631,,0.0,,,,,0.0,
MWI,Malawi,2014,-4.478,-0.022,,,,,2.92,0.284,3.167,4.297,,,,,,81.448,0.0,,,,,0.0,,0.468,28.74,2.21,0.07,0.0,0.15,0.0,1.97,0.0,0.15,0.0,0.07,2.06,0.02,0.0,2.21,0.18,0.5,613.767,,,,,,9.208,6.787,19988979231.0,0.0,,,,,0.0,,,,89.14,,,,,120.936,,93.213,2.06,126.461,,,,,,0.0,0.0,0.0,,,,,0.0,,6.787,,,,,9.208,,,,0.0,4.297,,,,,0.0,3.167,,135.67,16289550.0,9.998,126.461,93.213,,,,,,0.905,,,,,1.228,,0.0,,,,,0.0,
MWI,Malawi,2015,-7.812,-0.037,,,,,-3.68,-0.368,3.167,4.18,,,,,,81.448,0.0,,,,,0.0,,0.432,25.773,2.21,0.07,0.0,0.15,0.0,1.96,0.0,0.15,0.0,0.07,2.06,0.03,0.0,2.21,0.18,0.468,575.088,,,,,,8.958,6.787,20572941222.0,0.0,,,,,0.0,,,,88.688,,,,,117.048,,93.213,2.06,123.02,,,,,,0.0,0.0,0.0,,,,,0.0,,6.787,,,,,8.958,,,,0.0,4.18,,,,,0.0,3.167,,131.977,16745305.0,9.63,123.02,93.213,,,,,,1.357,,,,,1.792,,0.0,,,,,0.0,
MWI,Malawi,2016,-27.119,-0.117,,,,,5.376,0.518,3.196,4.069,,,,,,82.192,0.0,,,,,0.0,,0.315,18.282,2.19,0.07,0.0,0.15,0.0,1.94,0.0,0.15,0.0,0.07,2.04,0.03,0.0,2.19,0.18,0.482,589.805,,,,,,8.718,6.849,21039449660.0,0.0,,,,,0.0,,,,88.584,,,,,112.756,,93.151,2.04,118.568,,,,,,0.0,0.0,0.0,,,,,0.0,,6.849,,,,,8.718,,,,0.0,4.069,,,,,0.0,3.196,,127.287,17205254.0,10.148,118.568,93.151,,,,,,1.37,,,,,1.744,,0.0,,,,,0.0,
MWI,Malawi,2017,,,,,,,2.922,0.297,2.404,2.83,,,,,,81.731,0.0,,,,,0.0,,,,2.08,0.05,0.0,0.17,0.0,1.82,0.0,0.17,0.0,0.05,1.91,0.04,0.0,2.08,0.17,0.477,591.069,,,,,,9.621,8.173,21881028078.0,0.0,,,,,0.0,,,,87.5,,,,,102.998,,91.827,1.91,108.092,,,,,,0.0,0.0,0.0,,,,,0.0,,8.173,,,,,9.621,,,,0.0,2.83,,,,,0.0,2.404,,117.712,17670194.0,10.444,108.092,91.827,,,,,,1.923,,,,,2.264,,0.0,,,,,0.0,
MWI,Malawi,2018,,,,,,,-4.684,-0.489,1.227,1.102,,,,,,104.294,0.0,,,,,0.0,,,,1.63,0.02,0.0,0.2,0.0,1.36,0.0,0.2,0.0,0.02,1.43,0.05,0.0,1.63,0.17,0.441,548.695,,,,,,11.023,12.27,22574655861.0,0.0,,,,,0.0,,,,83.436,,,,,74.959,,87.73,1.43,78.817,,,,,,0.0,0.0,0.0,,,,,0.0,,12.27,,,,,11.023,,,,0.0,1.102,,,,,0.0,1.227,,89.841,18143214.0,9.955,78.817,87.73,,,,,,3.067,,,,,2.756,,0.0,,,,,0.0,
MWI,Malawi,2019,,,,,,,-0.8,-0.08,1.266,1.074,,,,,,113.924,0.0,,,,,0.0,,,,1.58,0.02,0.0,0.21,0.0,1.3,0.0,0.21,0.0,0.02,1.37,0.05,0.0,1.58,0.18,,530.12,,,,,,11.273,13.291,,0.0,,,,,0.0,,,,82.278,,,,,69.785,,86.709,1.37,73.542,,,,,,0.0,0.0,0.0,,,,,0.0,,13.291,,,,,11.273,,,,0.0,1.074,,,,,0.0,1.266,,84.815,18628748.0,9.875,73.542,86.709,,,,,,3.165,,,,,2.684,,0.0,,,,,0.0,
MWI,Malawi,2020,,,,,,,,,1.266,1.045,,,,,,113.924,0.0,,,,,0.0,,,,1.58,0.02,0.0,0.21,0.0,1.3,0.0,0.21,0.0,0.02,1.37,0.05,0.0,1.58,0.18,,,,,,,,10.978,13.291,,0.0,,,,,0.0,,,,82.278,,,,,67.956,,86.709,1.37,71.615,,,,,,0.0,0.0,0.0,,,,,0.0,,13.291,,,,,10.978,,,,0.0,1.045,,,,,0.0,1.266,,82.593,19129956.0,,71.615,86.709,,,,,,3.165,,,,,2.614,,0.0,,,,,0.0,
